name: virsorter
channels:
  - bioconda
  - defaults
dependencies:
  - perl-bioperl=1.6.924
  - _libgcc_mutex=0.1=main
  - blast=2.5.0=hc0b0e79_3
  - boost=1.73.0=py38_11
  - bzip2=1.0.8=h7b6447c_0
  - ca-certificates=2020.12.8=h06a4308_0
  - certifi=2020.12.5=py38h06a4308_0
  - diamond=0.9.14=h8b12597_3
  - hmmer=3.1b2=3
  - icu=58.2=he6710b0_3
  - ld_impl_linux-64=2.33.1=h53a641e_7
  - libboost=1.73.0=h37e3b65_11
  - libedit=3.1.20191231=h14c3975_1
  - libffi=3.3=he6710b0_2
  - libgcc=7.2.0=h69d50b8_2
  - libgcc-ng=9.1.0=hdf63c60_0
  - libstdcxx-ng=9.1.0=hdf63c60_0
  - lz4-c=1.9.2=heb0550a_3
  - mcl=14.137=pl526h516909a_5
  - muscle=3.8.1551=hc9558a2_5
  - ncurses=6.2=he6710b0_1
  - openssl=1.1.1i=h27cfd23_0
  - perl=5.26.2=h14c3975_0
  - perl-apache-test=1.40=pl526_1
  - perl-app-cpanminus=1.7044=pl526_1
  - perl-base=2.23=pl526_1
  - perl-bioperl=1.6.924=4
  - perl-carp=1.38=pl526_3
  - perl-class-load=0.25=pl526_0
  - perl-class-load-xs=0.10=pl526h6bb024c_2
  - perl-class-method-modifiers=2.12=pl526_0
  - perl-constant=1.33=pl526_1
  - perl-data-optlist=0.110=pl526_2
  - perl-devel-globaldestruction=0.14=pl526_0
  - perl-devel-overloadinfo=0.005=pl526_0
  - perl-devel-stacktrace=2.04=pl526_0
  - perl-dist-checkconflicts=0.11=pl526_2
  - perl-eval-closure=0.14=pl526h6bb024c_4
  - perl-exporter=5.72=pl526_1
  - perl-exporter-tiny=1.002001=pl526_0
  - perl-extutils-makemaker=7.36=pl526_1
  - perl-file-path=2.16=pl526_0
  - perl-file-temp=0.2304=pl526_2
  - perl-file-which=1.23=pl526_0
  - perl-getopt-long=2.50=pl526_1
  - perl-list-moreutils=0.428=pl526_1
  - perl-list-moreutils-xs=0.428=pl526_0
  - perl-module-implementation=0.09=pl526_2
  - perl-module-runtime=0.016=pl526_1
  - perl-module-runtime-conflicts=0.003=pl526_0
  - perl-moo=2.003004=pl526_0
  - perl-moose=2.2011=pl526hf484d3e_1
  - perl-mro-compat=0.13=pl526_0
  - perl-package-deprecationmanager=0.17=pl526_0
  - perl-package-stash=0.38=pl526hf484d3e_1
  - perl-package-stash-xs=0.28=pl526hf484d3e_1
  - perl-parallel-forkmanager=2.02=pl526_0
  - perl-params-util=1.07=pl526h6bb024c_4
  - perl-parent=0.236=pl526_1
  - perl-pathtools=3.75=pl526h14c3975_1
  - perl-role-tiny=2.000008=pl526_0
  - perl-scalar-list-utils=1.52=pl526h516909a_0
  - perl-storable=3.15=pl526h14c3975_0
  - perl-sub-exporter=0.987=pl526_2
  - perl-sub-exporter-progressive=0.001013=pl526_0
  - perl-sub-identify=0.14=pl526h14c3975_0
  - perl-sub-install=0.928=pl526_2
  - perl-sub-name=0.21=pl526_1
  - perl-sub-quote=2.006003=pl526_1
  - perl-threaded=5.26.0=0
  - perl-try-tiny=0.30=pl526_1
  - perl-xsloader=0.24=pl526_0
  - perl-yaml=1.29=pl526_0
  - pip=20.3.3=py38h06a4308_0
  - py-boost=1.73.0=py38h962f231_11
  - python=3.8.5=h7579374_1
  - readline=8.0=h7b6447c_0
  - setuptools=51.1.2=py38h06a4308_4
  - sqlite=3.33.0=h62c20be_0
  - tk=8.6.10=hbc83047_0
  - wheel=0.36.2=pyhd3eb1b0_0
  - xz=5.2.5=h7b6447c_0
  - zlib=1.2.11=h7b6447c_3
  - zstd=1.4.5=h9ceee32_0
prefix: /home/jkoszucki/.conda/envs/virsorter

